序号	省份编码	省份	条数	时长	准确率	正确率	 替换错误   	删除错误    	插入错误	总错误	备注
1	100	北京	205	10h	84.1	88.3	8.1	3.6	4.2	15.9	
2	200	广东	318	10h	81.7	86.7	10	3.3	5	18.3	
3	210	上海	352	10h	84.6	89.5	7.0	3.5	5.0	15.4	
4	220	天津	358	10h	83.3	87.4	8.9	3.7	4.1	16.7	
5	230	重庆	308	10h	81.7	86.7	9.6	3.7	5.0	18.3	
6	240	辽宁	399	10h	84.4	88.1	8.0	3.9	3.7	15.6	
7	250	江苏	315	10h	84.7	90.0	7.3	2.8	5.3	15.3	
8	270	湖北	331	10h	85.1	89.4	7.5	3.2	4.3	14.9	
9	280	四川	375	10h	80.3	85.1	10.8	4.0	4.8	19.7	
10	290	陕西	337	10h	83.3	88.1	8.8	3.0	4.8	16.7	
11	311	河北	367	10h	84.1	87.8	8.6	3.6	3.8	15.9	
12	351	山西	333	10h	84.9	89.3	8.1	2.5	4.4	15.1	
13	371	河南	384	10h	85.3	89.0	7.7	3.3	3.7	14.7	
14	431	吉林	344	10h	88.5	91.6	5.6	2.8	3.1	11.5	
15	451	黑龙江	314	10h	86.1	89.8	6.4	3.7	3.7	13.9	
16	471	内蒙古	285	10h	86.9	89.9	7.3	2.7	3.0	13.1	
17	531	山东	380	10h	85.5	88.6	7.8	3.7	3.1	14.5	
18	551	安徽	301	10h	83.3	87.8	8.6	3.6	4.5	16.7	新基线基础上优化
19	571	浙江	273	10h	83.0	87.4	9.3	3.3	4.4	17.0	
20	591	福建	387	10h	82.0	87.9	8.9	3.2	5.9	18.0	
21	731	湖南	363	10h	84.5	89.5	7.7	2.8	5.0	15.5	
22	771	广西	309	10h	85.3	88.9	8.1	3.0	3.6	14.7	
23	791	江西	274	10h	84.4	88.8	7.7	3.5	4.4	15.6	
24	851	贵州	288	10h	85.3	88.3	8.8	2.9	3.1	14.7	
25	871	云南	320	10h	84.5	88.4	8.7	3.0	3.9	15.5	
26	891	西藏	271	10h	85.4	89.5	7.9	2.7	4.1	14.6	
27	898	海南	334	10h	86.2	90.2	7.2	2.7	4.0	13.8	
28	931	甘肃	274	10h	83.4	88.5	8.4	3.1	5.1	16.6	
29	951	宁夏	391	10h	85.8	89.2	7.7	3.1	3.4	14.2	
30	971	青海	352	10h	85.4	90.0	7.1	2.8	4.6	14.6	
31	991	新疆	338	10h	82.5	86.9	9.0	4.1	4.3	17.5	
84.3	88.6	8.2	3.3	4.2	15.7	
